precs: [0.8033309345121826, 0.8252667888325967, 0.8435804701627486]
recs: [0.8759107723349401, 0.8581997533908755, 0.8366775025221388]
f1s: [0.838052338052338, 0.8414111440817673, 0.8401148066858011]
times: 892.6792976856232
----------
