precs: [0.7662405155389252, 0.7879055396159789, 0.8070976809557273]
recs: [0.8263647573142024, 0.8003587041811456, 0.7724470350857527]
f1s: [0.795167727321756, 0.7940833008952901, 0.7893922905091929]
times: 1335.9960148334503
----------
