precs: [0.8099409448818897, 0.8282290279627164, 0.8457514944491887]
recs: [0.9282571912013536, 0.9121263395375071, 0.8937394247038917]
f1s: [0.8650722733245728, 0.868155464891561, 0.8690835298634345]
time: 4347.740435123444
----------
