precs: [0.7596962025316456, 0.7807429547395388, 0.7997970916469395]
recs: [0.840937114673243, 0.8198632440309382, 0.7953144266337855]
f1s: [0.7982549478612471, 0.7998250314396632, 0.7975494604316546]
times: 525.1285488605499
----------
