precs: [0.6567279468561718, 0.7507126436781609, 0.8433236412435696]
recs: [0.9590524534686972, 0.9209249858996051, 0.8506486181613085]
f1s: [0.7796066205125854, 0.8271529888551166, 0.8469702925815691]
time: 1526.3028025627136
----------
