precs: [0.8145702197915592, 0.8280329799764429, 0.841131907308378]
recs: [0.8848783768635803, 0.8668310727496917, 0.8463176773904271]
f1s: [0.8482699333763164, 0.846987951807229, 0.8437168240487233]
times: 887.624742269516
----------
