precs: [0.7947159223754968, 0.8083832335329342, 0.8225010009342053]
recs: [0.7668358714043993, 0.7309644670050761, 0.6952058657642414]
f1s: [0.7805270107354039, 0.7677270303891949, 0.7535150996454333]
time: 5097.503391504288
----------
