precs: [0.7507383343177791, 0.7704002482159479, 0.7885975410727886]
recs: [0.8548369016926354, 0.8349960766730187, 0.81246497029481]
f1s: [0.7994129671366423, 0.8013986013986013, 0.8003533568904593]
times: 1104.7696721553802
----------
