precs: [0.8018935885561387, 0.8254123263888888, 0.8465414567109483]
recs: [0.873444681089564, 0.8527070956170832, 0.8286066584463625]
f1s: [0.8361412168687627, 0.8388377350168164, 0.8374780490568176]
times: 851.5757293701172
----------
