precs: [0.8337950138504155, 0.8589733673653543, 0.8799055768663323]
recs: [0.9463548830811555, 0.9352665412795105, 0.9208095893102771]
f1s: [0.8865163368614819, 0.895497916946647, 0.8998930070505611]
times: 3760.562437772751
----------
