precs: [0.5000350921519912, 0.5000350921519912, 0.5000350921519912]
recs: [1.0, 1.0, 1.0]
f1s: [0.6666978589609223, 0.6666978589609223, 0.6666978589609223]
times: 8.9352548122406
----------
precs: [0.8337950138504155, 0.8589733673653543, 0.8799055768663323]
recs: [0.9463548830811555, 0.9352665412795105, 0.9208095893102771]
f1s: [0.8865163368614819, 0.895497916946647, 0.8998930070505611]
times: 3736.4976139068604
----------
