precs: [0.8372196864457233, 0.861416834599287, 0.8821426651615331]
recs: [0.9474216096342251, 0.9359683350644247, 0.9213429525868119]
f1s: [0.8889181536840719, 0.8971464704220425, 0.9013167831495695]
times: 4477.15464091301
----------
