precs: [0.8244902162718847, 0.8471202619694796, 0.8672762784090909]
recs: [0.9363508771929825, 0.9258479532163743, 0.9140584795321638]
f1s: [0.8768674698795181, 0.8847361773942977, 0.8900530715440859]
times: 1098.2685017585754
----------
