precs: [0.824688304997424, 0.8474714169485719, 0.8672925822346518]
recs: [0.936093567251462, 0.9258947368421052, 0.9140350877192982]
f1s: [0.8768666118871541, 0.884949025219102, 0.8900505671723383]
times: 1092.3806495666504
----------
