precs: [0.8245277966590455, 0.8472174657534246, 0.8672185356976408]
recs: [0.936374269005848, 0.9258947368421052, 0.9140584795321638]
f1s: [0.8768989802736065, 0.884810551022689, 0.8900226628249951]
times: 1047.8088891506195
----------
