precs: [0.8517216843830182, 0.8760388279543253, 0.8961428504475794]
recs: [0.9240233918128655, 0.9098713450292397, 0.8945497076023392]
f1s: [0.8864006103512887, 0.8926346226664065, 0.8953455703315227]
times: 1688.7397947311401
----------
