precs: [0.8226841001603552, 0.8446991526328147, 0.864577107820351]
recs: [0.9360701754385965, 0.9257309941520467, 0.9136608187134503]
f1s: [0.8757221638655461, 0.883360676778161, 0.8884415481024032]
times: 1121.1444816589355
----------
