precs: [0.7588109992254066, 0.7801360820554484, 0.7998728678885475]
recs: [0.8840383530738861, 0.8665538635081782, 0.8516638465877044]
f1s: [0.8166519043401239, 0.821077383497221, 0.8249562937062936]
times: 1545.2429580688477
----------
