precs: [0.8639932460953988, 0.8905712530712531, 0.9112922158500184]
recs: [0.8618589113774808, 0.8139965752463296, 0.76276562894759]
f1s: [0.8629247589870428, 0.8505639235586583, 0.830440097799511]
times: 223.61544966697693
----------
