precs: [0.8699274526391345, 0.8870601289231744, 0.9023097826086957]
recs: [0.9526148836425905, 0.9425651966426185, 0.9321225051230946]
f1s: [0.9093954335941687, 0.9139707383463762, 0.9169738895102385]
time: 13592.831835269928
----------
