precs: [0.8473020787262273, 0.87710770165578, 0.9002494595044072]
recs: [0.8604553238076523, 0.8104314628189653, 0.7597900232995537]
f1s: [0.8538280477443976, 0.8424523621932358, 0.8240774570697844]
times: 217.23457670211792
----------
