precs: [0.8801351351351351, 0.8971240195521201, 0.9115028383627128]
recs: [0.91415658422929, 0.8861690480869101, 0.8564129916065464]
f1s: [0.8968233204356745, 0.8916128850037424, 0.8830995904071325]
time: 15616.879147529602
----------
