precs: [0.8227649837253126, 0.8396121603878396, 0.8563522931948107]
recs: [0.9437442102012744, 0.9334418774387334, 0.9209218763158633]
f1s: [0.8791119711312171, 0.8840442926077073, 0.8874641562516908]
times: 2796.7576706409454
----------
