precs: [0.8326542780482957, 0.858372782604172, 0.8806582127243598]
recs: [0.9408528198074277, 0.9263958678381944, 0.9104230412935463]
f1s: [0.8834530477759472, 0.8910880395307079, 0.8952933057280884]
times: 1977.9912548065186
----------
