precs: [0.8435046080040399, 0.8677202686685105, 0.8882393303142583]
recs: [0.9377929989052017, 0.9247677062571934, 0.908486090447183]
f1s: [0.8881533471579731, 0.8953361961189324, 0.8982486330456022]
times: 2616.2452981472015
----------
