precs: [0.8507109004739336, 0.879548532731377, 0.9019878429439789]
recs: [0.8666872526176909, 0.8203407910619543, 0.7706257193386296]
f1s: [0.8586247653479803, 0.8489135486869624, 0.831148384752793]
times: 229.69823789596558
----------
