precs: [0.6351513172218594, 0.7775267050123253, 0.8830926225394524]
recs: [0.9827078011397131, 0.9562642113241445, 0.8891165819835499]
f1s: [0.7715976592204014, 0.8576823818216152, 0.886094364167914]
time: 2161.378748893738
----------
