precs: [0.6750864941055869, 0.8131967341811901, 0.9059206657922113]
recs: [0.9858947368421053, 0.9692163742690059, 0.9370292397660819]
f1s: [0.8014108877944895, 0.8843781349384219, 0.9212123999632048]
time: 686.4585196971893
----------
