precs: [0.8658481436259214, 0.8839765915606416, 0.8995957040454399]
recs: [0.8957426900584795, 0.8727485380116959, 0.8483976608187135]
f1s: [0.8805417586460632, 0.878326682910178, 0.8732468970830776]
time: 2667.2536375522614
----------
