precs: [0.8320613853172957, 0.8524333483473822, 0.8706661645140565]
recs: [0.9385263157894737, 0.9296608187134503, 0.9193216374269005]
f1s: [0.8820929976915466, 0.8893737482237364, 0.8943326241054056]
times: 622.9699892997742
----------
