precs: [0.8278904289886069, 0.8427772501846575, 0.8570006492101276]
recs: [0.9416842105263158, 0.9341520467836257, 0.9263625730994152]
f1s: [0.8811285239012432, 0.8861152715371386, 0.8903327338129495]
times: 654.2477917671204
----------
