precs: [0.8794136528996362, 0.8980898728048942, 0.9140864777035566]
recs: [0.9612865497076023, 0.9546432748538012, 0.947485380116959]
f1s: [0.9185292802860975, 0.9255034470246736, 0.9304863200937263]
time: 2150.0326817035675
----------
