precs: [0.8172619897594908, 0.8391120507399578, 0.8590339265363374]
recs: [0.9371461988304094, 0.9284210526315789, 0.9168654970760234]
f1s: [0.8731080624598184, 0.8815102720710717, 0.8870080789336713]
times: 582.9448671340942
----------
