precs: [0.8146091327347534, 0.8367651698390998, 0.8553195190363332]
recs: [0.9401637426900585, 0.9306198830409357, 0.9201637426900585]
f1s: [0.8728946996926886, 0.8812005094412758, 0.886557510057358]
times: 1263.1088557243347
----------
