precs: [0.8319259903141686, 0.8541867903063086, 0.8731109779641835]
recs: [0.9402807017543859, 0.9308538011695906, 0.9203508771929825]
f1s: [0.8827908815390696, 0.8908738820421549, 0.8961087766048308]
times: 787.7819278240204
----------
