precs: [0.8298819028609448, 0.8518334449750427, 0.870664934133883]
recs: [0.9336608187134503, 0.9221520467836257, 0.9090760233918128]
f1s: [0.8787178301741408, 0.8855990744588842, 0.8894559769299429]
times: 1617.1005296707153
----------
