precs: [0.8201781644914026, 0.8325656132833422, 0.842169341449917]
recs: [0.8878672348060103, 0.8714958510876878, 0.8532182103610675]
f1s: [0.8526814559552014, 0.8515860406508519, 0.847657773074138]
times: 967.313102722168
----------
