precs: [0.8024533333333334, 0.8227465891299486, 0.8379418970948548]
recs: [0.8486181613085166, 0.829892836999436, 0.8101522842639594]
f1s: [0.8248903508771929, 0.8263042623687314, 0.8238128011011701]
time: 4161.395163536072
----------
