precs: [0.8056417215975185, 0.8259464916708733, 0.8457821199705852]
recs: [0.9375070501974055, 0.9228426395939087, 0.9081782289904118]
f1s: [0.8665867264480476, 0.8717101758124667, 0.875870322019147]
time: 3209.329344034195
----------
