precs: [0.7677945120693213, 0.7904303076754626, 0.8108233654627801]
recs: [0.8346041713388652, 0.8094864319354115, 0.7829109665844359]
f1s: [0.7998065764023211, 0.7998448839399479, 0.7966227394603228]
times: 1273.8386526107788
----------
