precs: [0.7582353512778156, 0.7801570306923626, 0.799786438868126]
recs: [0.8749719668087015, 0.8579277864992151, 0.8398744113029827]
f1s: [0.8124316726534436, 0.8171962616822431, 0.8193403708362959]
times: 1273.573040008545
----------
