precs: [0.7579008408234271, 0.7786885245901639, 0.7959076046830503]
recs: [0.8793451446512671, 0.8628616281677506, 0.8461538461538461]
f1s: [0.8141188684142227, 0.8186170212765957, 0.8202619707592804]
times: 1000.3577888011932
----------
