precs: [0.799415970194341, 0.8208135235076598, 0.8409819750082937]
recs: [0.8902220228750841, 0.8711594527921058, 0.8527696793002916]
f1s: [0.8423789060427609, 0.8452374476418429, 0.8468348087522967]
times: 1098.5058126449585
----------
