precs: [0.8101618608639726, 0.8317111815301041, 0.8528850739151168]
recs: [0.847499439336174, 0.8240636914106302, 0.8021978021978022]
f1s: [0.8284101496136351, 0.8278697758251661, 0.82676528371663]
times: 576.5447821617126
----------
