precs: [0.6600077429345722, 0.7531750414135836, 0.8455857670359181]
recs: [0.9615341229554427, 0.9231810490693739, 0.8524534686971236]
f1s: [0.7827364554637282, 0.8295575490345142, 0.849005729693293]
time: 1430.5134618282318
----------
