precs: [0.8657402168254759, 0.8846664768953411, 0.8999354582464502]
recs: [0.8947602339181286, 0.8723742690058479, 0.8480233918128655]
f1s: [0.880011042987128, 0.8784773749793889, 0.8732085651660766]
time: 2132.5562992095947
----------
