precs: [0.6733673159585177, 0.8115899425794187, 0.9051839124635453]
recs: [0.9857309941520468, 0.9687251461988304, 0.9365847953216374]
f1s: [0.8001443069941423, 0.883222965119379, 0.920616672223308]
time: 727.5277774333954
----------
