precs: [0.8345795945496843, 0.8525183709321508, 0.8682830063918889]
recs: [0.9398830409356725, 0.9308304093567251, 0.9214970760233918]
f1s: [0.884106761722446, 0.8899549353103648, 0.894098955969133]
times: 517.080178976059
----------
