precs: [0.8437275682979353, 0.8665189151233214, 0.8858767341369115]
recs: [0.9348304093567251, 0.923719298245614, 0.9111578947368421]
f1s: [0.8869457144125349, 0.8942052942641697, 0.8983394833948338]
times: 511.1694619655609
----------
