precs: [0.8679098187947746, 0.8872607461036568, 0.9036307883743667]
recs: [0.96353216374269, 0.9574736842105264, 0.9512748538011696]
f1s: [0.9132246979270591, 0.9210310183049626, 0.9268409417234542]
time: 1646.217430114746
----------
