precs: [0.729819142227868, 0.8692596690456795, 0.9306774010171002]
recs: [0.9823238535721315, 0.8794282621531194, 0.7451166109033655]
f1s: [0.8374519581163912, 0.8743144004940597, 0.8276234262175252]
times: 1023.2256495952606
----------
