precs: [0.8236020752697027, 0.8457326203208556, 0.8662562830761055]
recs: [0.935766081871345, 0.9248654970760234, 0.9151111111111111]
f1s: [0.8761087142200127, 0.8835307262569833, 0.8900137639203285]
times: 511.5074088573456
----------
