precs: [0.8384435440076862, 0.8602094581408963, 0.8793575306204855]
recs: [0.9390175438596491, 0.928, 0.9169590643274854]
f1s: [0.8858851569051506, 0.8928197684231846, 0.897764748992305]
times: 719.513697385788
----------
