precs: [0.832409943342184, 0.8560071441017599, 0.8770825787758059]
recs: [0.931345029239766, 0.9193216374269005, 0.9063391812865497]
f1s: [0.8791026815778142, 0.8865353815614355, 0.8914709062881072]
times: 1595.685061454773
----------
