precs: [0.6907874139010645, 0.8149049714446213, 0.89230115296743]
recs: [0.9909889678017011, 0.9773460966229683, 0.9428739859079808]
f1s: [0.8140948032331339, 0.8887640879676312, 0.9168907390977956]
time: 3974.1233570575714
----------
