precs: [0.7931204092339978, 0.8151932315193231, 0.8349041906839072]
recs: [0.6789714510288297, 0.6383235550065969, 0.6017741346882632]
f1s: [0.7316202604395107, 0.7159972920635421, 0.6994241341620582]
times: 1665.2162959575653
----------
precs: [0.7942259365320554, 0.8134379905808478, 0.8303845246520406]
recs: [0.7629902029587626, 0.727282935182326, 0.6916879544114757]
f1s: [0.7782947956188705, 0.7679516250944823, 0.7547169811320754]
times: 1117.9242315292358
----------
