precs: [0.8005383062578102, 0.8198305929247633, 0.8404145077720208]
recs: [0.939424703891709, 0.9280315848843768, 0.9148336153412295]
f1s: [0.864438447166286, 0.8705820105820107, 0.8760464488252768]
time: 1851.3928241729736
----------
