precs: [0.7604521976415554, 0.7830968663876697, 0.8038042316734345]
recs: [0.8802030456852792, 0.8654258319232938, 0.8485053581500283]
f1s: [0.8159573355641535, 0.822205551387847, 0.8255501289579104]
times: 1478.405195236206
----------
