precs: [0.7572937869535717, 0.778285134449518, 0.7989159315548943]
recs: [0.8813310772701636, 0.8652002256063169, 0.847941342357586]
f1s: [0.8146178709206547, 0.8194444444444444, 0.8226989164933786]
times: 1105.7191653251648
----------
