precs: [0.7928741564112743, 0.8156777467122295, 0.8372168635526174]
recs: [0.9011844331641286, 0.8885504794134236, 0.871404399323181]
f1s: [0.8435668655298032, 0.8505560954540546, 0.8539686049082467]
times: 1450.3818769454956
----------
