precs: [0.7009985610255963, 0.8347766064257028, 0.8834507042253521]
recs: [0.9467051410399858, 0.7834049820387492, 0.591013485660444]
f1s: [0.805531893571178, 0.8082753592368684, 0.7082318901944179]
times: 1370.77982878685
----------
