precs: [0.7652911249293386, 0.7886277852185559, 0.8102389969962126]
recs: [0.7635645798082347, 0.7306260575296109, 0.6998307952622673]
f1s: [0.7644268774703558, 0.7585197329898115, 0.7509986684420773]
times: 884.2926259040833
----------
