precs: [0.6601647497668636, 0.7529825210394895, 0.8443470442796134]
recs: [0.958262831359278, 0.9184433164128596, 0.8474901297236322]
f1s: [0.7817604564487186, 0.8275231222685233, 0.845915667398525]
time: 1561.824851512909
----------
