precs: [0.7998618148318747, 0.8158612143742255, 0.8290031813361611]
recs: [0.7835307388606881, 0.7426959954878737, 0.7054709531866892]
f1s: [0.7916120576671035, 0.7775612636551521, 0.7622646108842708]
time: 2772.2349302768707
----------
