precs: [0.8067890472772024, 0.8277896995708155, 0.847068056957058]
recs: [0.8874224478285392, 0.8702763677382966, 0.8522278623801467]
f1s: [0.845186935969059, 0.8485015122353589, 0.8496401259559154]
times: 951.5062553882599
----------
