precs: [0.8050985171643307, 0.8179624383590389, 0.8307441607821836]
recs: [0.8941906373378454, 0.8794134235758602, 0.8626057529610829]
f1s: [0.8473090695312917, 0.847575559904327, 0.8463752075262867]
times: 1157.5902512073517
----------
