precs: [0.6816177662506079, 0.8167475007423538, 0.9057564256982479]
recs: [0.9836023391812866, 0.9650994152046783, 0.9323040935672514]
f1s: [0.8052278820375335, 0.8847477617541414, 0.9188385416066303]
time: 780.7723956108093
----------
