precs: [0.8660931044763406, 0.8844813605382542, 0.9005671588044653]
recs: [0.951345029239766, 0.944046783625731, 0.936]
f1s: [0.9067195790787889, 0.9132938820307993, 0.9179417769723109]
time: 3969.2548377513885
----------
