precs: [0.8366652841144753, 0.8556595088740928, 0.8723197955001212]
recs: [0.9437192982456141, 0.9349005847953217, 0.9259649122807018]
f1s: [0.8869737276025064, 0.893526643490314, 0.8983422029071021]
times: 480.04277062416077
----------
