precs: [0.8591741456863289, 0.8816507880368708, 0.9009844453073251]
recs: [0.9427602339181287, 0.9329824561403509, 0.9227134502923977]
f1s: [0.8990285414738063, 0.9065905965518417, 0.9117194993701679]
times: 497.5158190727234
----------
