precs: [0.8769645262685227, 0.895627334651725, 0.9099646611294934]
recs: [0.9593684210526315, 0.9534502923976608, 0.9456608187134503]
f1s: [0.9163175709641744, 0.9236347156129618, 0.9274694013329203]
time: 3098.578269958496
----------
