precs: [0.8380981657956758, 0.8598156584383939, 0.8790620424397386]
recs: [0.9566081871345029, 0.9492163742690058, 0.9409356725146198]
f1s: [0.8934403845103501, 0.9023069653677248, 0.9089471127229999]
times: 1047.1039056777954
----------
