precs: [0.8362347006285147, 0.858836391699537, 0.879448832874767]
recs: [0.9461286549707603, 0.9371461988304094, 0.9271345029239766]
f1s: [0.8877938497333128, 0.896284033199848, 0.9026623243526384]
times: 1225.8471176624298
----------
