precs: [0.8573944418195095, 0.8800187575365102, 0.8984860741939212]
recs: [0.9338479532163743, 0.9218479532163742, 0.9093099415204678]
f1s: [0.8939896094589752, 0.9004478362198965, 0.9038656048363658]
times: 1223.2989513874054
----------
