precs: [0.8409731060527029, 0.8627472171187723, 0.8826104435609953]
recs: [0.9428538011695906, 0.9336842105263158, 0.9243976608187134]
f1s: [0.8890040692993967, 0.8968151435151379, 0.9030208856999223]
times: 542.6332705020905
----------
