precs: [0.6808493966462937, 0.7610294117647058, 0.844796807728657]
recs: [0.9801466441060349, 0.9573604060913705, 0.9075014100394811]
f1s: [0.8035326212604615, 0.8479792176649846, 0.8750271916467262]
time: 1288.461353302002
----------
