precs: [0.7510477787091366, 0.7688932228181375, 0.7864216436957632]
recs: [0.9096446700507614, 0.8894529046813311, 0.8689227298364354]
f1s: [0.82277318640955, 0.8247907949790796, 0.8256162915326903]
times: 1941.2507095336914
----------
