precs: [0.7650278293135436, 0.7831465017394665, 0.8012108980827447]
recs: [0.9302876480541455, 0.9141567963902989, 0.8956570783981952]
f1s: [0.8396029524051921, 0.8435954822255763, 0.8458055925432757]
time: 1563.8176646232605
----------
