precs: [0.753530534351145, 0.7720264317180616, 0.7890821458507963]
recs: [0.8908065425831924, 0.8698251551043429, 0.8495205865764242]
f1s: [0.8164383561643835, 0.818013048321222, 0.8181867564778098]
time: 1915.0807430744171
----------
