precs: [0.7493750578650125, 0.7655691802645553, 0.7820654911838791]
recs: [0.9130287648054145, 0.8944162436548223, 0.8755781161872532]
f1s: [0.8231465473405878, 0.8249921964415773, 0.8261841405002661]
times: 2052.0365269184113
----------
