precs: [0.7976908143455604, 0.8097607452890112, 0.8203697626080297]
recs: [0.8806542583192329, 0.8628313592780598, 0.8459108855047941]
f1s: [0.8371220244477803, 0.8354540986292393, 0.8329445740308785]
times: 2492.832519054413
----------
