precs: [0.7660920594168348, 0.784757198517533, 0.800808598757519]
recs: [0.9424703891708968, 0.9315284827975183, 0.9160744500846024]
f1s: [0.8451772798543321, 0.8518671343098824, 0.8545722403451541]
times: 3252.9593830108643
----------
