precs: [0.8356157598870756, 0.8596278421555217, 0.8799603174603174]
recs: [0.9472251073744491, 0.9350138955169413, 0.9212868090840187]
f1s: [0.8879269512130941, 0.8957375285733493, 0.9001494809308959]
times: 3686.223924636841
----------
