precs: [0.8269357475780278, 0.8507504380729868, 0.8712769599452242]
recs: [0.9512674395755552, 0.9404036717850827, 0.9287538949555063]
f1s: [0.8847549672332315, 0.8933333333333333, 0.8990977770531007]
times: 3634.90021777153
----------
