precs: [0.7024647515166889, 0.8606690617017498, 0.9315343443354148]
recs: [0.9816847111649409, 0.9306382287343249, 0.8020471766391445]
f1s: [0.8189283932058872, 0.8942871336313959, 0.8619548394777571]
times: 3478.253263950348
----------
