precs: [0.8628277271694971, 0.8806350196170135, 0.8943358022059998]
recs: [0.9598573955029054, 0.9514358700839345, 0.9423125508800494]
f1s: [0.9087599000691011, 0.9146673863176359, 0.9176975545744085]
time: 14795.047406673431
----------
