precs: [0.867389944802458, 0.8913546000924641, 0.9095024017736174]
recs: [0.8954888695505713, 0.86595738708138, 0.8291553210004772]
f1s: [0.8812154696132597, 0.878472469422335, 0.8674723564222675]
times: 1496.2922701835632
----------
