precs: [0.8281651533321912, 0.8531172768732961, 0.873936254558909]
recs: [0.9498919237571232, 0.9399545237627376, 0.9282766751817646]
f1s: [0.8848617975471351, 0.8944331659365315, 0.9002872272362206]
times: 3203.791634082794
----------
