precs: [0.8686231558945396, 0.886085075702956, 0.9007478103995111]
recs: [0.9239255537152963, 0.8970047441259861, 0.8689891362322095]
f1s: [0.895421280300351, 0.8915114738090257, 0.8845835119302757]
time: 17127.063853502274
----------
