precs: [0.8291028392412245, 0.8533474205019842, 0.8750974750598295]
recs: [0.9435196361901019, 0.9295960474974033, 0.9135670774499621]
f1s: [0.8826186287124813, 0.8898413252898736, 0.8939185848486514]
times: 2631.578563451767
----------
