precs: [0.6396315885464162, 0.7765969525626178, 0.8802141974461074]
recs: [0.9845043932290936, 0.9600258260112848, 0.8997838475142464]
f1s: [0.7754524449161444, 0.8586241526487571, 0.8898914461811822]
time: 2348.963679075241
----------
