precs: [0.8405498622862956, 0.8545991797641185, 0.8672381350616768]
recs: [0.9509305785587963, 0.9417791876035145, 0.9315329983437667]
f1s: [0.8923397081291817, 0.8960737179487179, 0.8982364962713332]
times: 3543.4367101192474
----------
