precs: [0.8233485358152589, 0.84658858923391, 0.8661675245671502]
recs: [0.9332631578947368, 0.9215438596491228, 0.9092631578947369]
f1s: [0.8748670606422754, 0.8824774598196786, 0.8871923037419973]
times: 1702.3499653339386
----------
