precs: [0.758549560308327, 0.7824111822947001, 0.8012414649286158]
recs: [0.7881556683587141, 0.7576988155668358, 0.7280315848843768]
f1s: [0.7730692631113079, 0.7698567335243552, 0.7628841607565011]
times: 1188.6625776290894
----------
