precs: [0.7575757575757576, 0.7772272221660431, 0.7976328859769629]
recs: [0.8826847151720248, 0.867005076142132, 0.8514382402707276]
f1s: [0.8153589663436492, 0.8196651381038711, 0.8236577913574858]
times: 1689.3911304473877
----------
