precs: [0.7892003029975111, 0.8116225546605293, 0.8333742632612967]
recs: [0.822673434856176, 0.795600676818951, 0.7655950366610265]
f1s: [0.8055893074119076, 0.8035317573340929, 0.7980480921864894]
times: 1897.0076792240143
----------
