precs: [0.7590221187427241, 0.7811673784828147, 0.8017433825874349]
recs: [0.8825719120135364, 0.8665538635081782, 0.8507614213197969]
f1s: [0.8161477077139728, 0.8216482164821649, 0.8255253940455342]
times: 1562.1958191394806
----------
