precs: [0.8978879462707671, 0.9256132344552196, 0.9453436887566233]
recs: [0.47534502923976607, 0.37955555555555553, 0.3046549707602339]
f1s: [0.6216083937475146, 0.5383543463835434, 0.46080634033293816]
time: 100.96473670005798
