precs: [0.8340978593272171, 0.8625714285714285, 0.8835333057509309]
recs: [0.2041637426900585, 0.14123976608187133, 0.09990643274853801]
f1s: [0.32803397602134776, 0.2427336683417085, 0.17951412239408204]
time: 142.68496465682983
