precs: [0.5061273784292598, 0.8014866637516397, 0.9343807250319214]
recs: [0.999906432748538, 0.7289122807017544, 0.3937076023391813]
f1s: [0.6720699332583898, 0.7634786656702888, 0.5539884469167092]
time: 60.166192054748535
