precs: [0.8369664502431678, 0.8599713129450336, 0.8787220514994172]
recs: [0.9517165875979002, 0.9425090531398254, 0.9311399938242146]
f1s: [0.8906607119401024, 0.8993504319292841, 0.9041719480448679]
times: 5983.75625872612
----------
