precs: [0.8600227934658731, 0.8724489795918368, 0.883328037284186]
recs: [0.9532605339247116, 0.9456530892962411, 0.9364174830867698]
f1s: [0.9042445545081749, 0.907577288341079, 0.9090983416681429]
times: 4774.46555519104
----------
