precs: [0.7142445797651676, 0.857348607091896, 0.9293074488016022]
recs: [0.9817499523593134, 0.9424060745540099, 0.8434453744557968]
f1s: [0.8269007580808455, 0.8978674077901764, 0.884297076113267]
times: 3556.80300450325
----------
