precs: [0.8593327321911632, 0.8762201560769568, 0.8909114927344782]
recs: [0.963085646913511, 0.9550290542626955, 0.9466075288437246]
f1s: [0.9082557877877349, 0.9139288112827402, 0.9179154247138406]
time: 9948.546487092972
----------
