precs: [0.8646517739816032, 0.8895247857407249, 0.9079078474591624]
recs: [0.9050894085281981, 0.8769895853802319, 0.8440894927434522]
f1s: [0.8844086021505377, 0.8832127106185683, 0.8748363445928253]
times: 1427.560618877411
----------
