precs: [0.8736241982738142, 0.8905785123966942, 0.9044022628722396]
recs: [0.9291468994750582, 0.907503579148303, 0.884091738483564]
f1s: [0.9005305400625765, 0.8989613892635179, 0.8941316753257815]
time: 12078.29028081894
----------
