precs: [0.8364913669420669, 0.8611698015975264, 0.8809281933379671]
recs: [0.9492743452263986, 0.9382140751761502, 0.9250203520197625]
f1s: [0.8893213585977462, 0.8980425348971558, 0.9024360185679662]
times: 3688.610675573349
----------
