precs: [0.8326667811664255, 0.8560189428658723, 0.8757251344794853]
recs: [0.9526710271453837, 0.9438003537040676, 0.932290935631474]
f1s: [0.8886357685257921, 0.8977689955807153, 0.9031231729370335]
times: 4049.4874935150146
----------
