precs: [0.6455318678890976, 0.7867925828910182, 0.8880679311865902]
recs: [0.9843078909693176, 0.9612329113213374, 0.904247255986301]
f1s: [0.7797111439721596, 0.8653088042049933, 0.8960845677724458]
time: 3502.700075149536
----------
